WL	WN	Time	Start	
572.500000	34934.497817	2078378223.000000	0.022222	
572.505000	34934.192714	2078381792.000000	0.020351	
572.510000	34933.887618	2078385542.000000	0.019495	
572.515000	34933.582526	2078389413.000000	0.019851	
572.520000	34933.277440	2078393237.000000	0.020322	
572.525000	34932.972359	2078397330.000000	0.020588	
572.530000	34932.667284	2078401313.000000	0.020032	
572.535000	34932.362214	2078405056.000000	0.020117	
572.540000	34932.057149	2078408801.000000	0.020234	
572.545000	34931.752089	2078412997.000000	0.021435	
572.550000	34931.447035	2078416903.000000	0.020416	
572.555000	34931.141986	2078420793.000000	0.022207	
572.560000	34930.836943	2078425235.000000	0.020233	
572.565000	34930.531905	2078429233.000000	0.020945	
572.570000	34930.226872	2078433554.000000	0.022431	
572.575000	34929.921844	2078437840.000000	0.023054	
572.580000	34929.616822	2078441689.000000	0.022659	
572.585000	34929.311805	2078445357.000000	0.022866	
572.590000	34929.006794	2078449623.000000	0.022753	
572.595000	34928.701787	2078453582.000000	0.023552	
572.600000	34928.396787	2078457515.000000	0.021260	
572.605000	34928.091791	2078461796.000000	0.021787	
572.610000	34927.786801	2078465656.000000	0.024661	
572.615000	34927.481816	2078469800.000000	0.020202	
572.620000	34927.176836	2078473528.000000	0.022877	
572.625000	34926.871862	2078477443.000000	0.021588	
572.630000	34926.566893	2078481251.000000	0.020432	
572.635000	34926.261930	2078484906.000000	0.023080	
572.640000	34925.956971	2078488811.000000	0.021860	
572.645000	34925.652018	2078493024.000000	0.020277	
572.650000	34925.347071	2078496877.000000	0.021816	
572.655000	34925.042128	2078500734.000000	0.019281	
572.660000	34924.737191	2078504898.000000	0.021567	
572.665000	34924.432260	2078509008.000000	0.019406	
572.670000	34924.127333	2078513043.000000	0.021801	
572.675000	34923.822412	2078517164.000000	0.020904	
572.680000	34923.517497	2078521247.000000	0.020597	
572.685000	34923.212586	2078525092.000000	0.021719	
572.690000	34922.907681	2078528916.000000	0.022288	
572.695000	34922.602782	2078533216.000000	0.020473	
572.700000	34922.297887	2078536990.000000	0.022167	
572.705000	34921.992998	2078540476.000000	0.021190	
572.710000	34921.688114	2078544538.000000	0.019597	
572.715000	34921.383236	2078548312.000000	0.021499	
572.720000	34921.078363	2078552291.000000	0.019064	
572.725000	34920.773495	2078556349.000000	0.020420	
572.730000	34920.468633	2078560310.000000	0.021262	
572.735000	34920.163776	2078564668.000000	0.021745	
572.740000	34919.858924	2078568573.000000	0.022817	
572.745000	34919.554077	2078572464.000000	0.019552	
572.750000	34919.249236	2078576270.000000	0.022580	
572.755000	34918.944400	2078580253.000000	0.020616	
572.760000	34918.639570	2078583895.000000	0.022080	
572.765000	34918.334745	2078588044.000000	0.021194	
572.770000	34918.029925	2078591481.000000	0.018877	
572.775000	34917.725110	2078595480.000000	0.020871	
572.780000	34917.420301	2078599669.000000	0.023090	
572.785000	34917.115497	2078603465.000000	0.021213	
572.790000	34916.810699	2078607490.000000	0.022546	
572.795000	34916.505905	2078611321.000000	0.019845	
572.800000	34916.201117	2078614931.000000	0.021346	
572.805000	34915.896335	2078618920.000000	0.021386	
572.810000	34915.591557	2078622808.000000	0.022839	
572.815000	34915.286785	2078626652.000000	0.022536	
572.820000	34914.982019	2078631025.000000	0.023957	
572.825000	34914.677257	2078634970.000000	0.021605	
572.830000	34914.372501	2078639111.000000	0.023772	
572.835000	34914.067751	2078643293.000000	0.025290	
572.840000	34913.763005	2078647263.000000	0.022351	
572.845000	34913.458265	2078651009.000000	0.023126	
572.850000	34913.153531	2078654531.000000	0.025743	
572.855000	34912.848801	2078658578.000000	0.027674	
572.860000	34912.544077	2078662535.000000	0.029962	
572.865000	34912.239358	2078666265.000000	0.033768	
572.870000	34911.934645	2078670115.000000	0.042419	
572.875000	34911.629937	2078674116.000000	0.052885	
572.880000	34911.325234	2078677706.000000	0.072230	
572.885000	34911.020536	2078681330.000000	0.100676	
572.890000	34910.715844	2078685416.000000	0.107969	
572.895000	34910.411157	2078689110.000000	0.127293	
572.900000	34910.106476	2078693383.000000	0.095800	
572.905000	34909.801800	2078697424.000000	0.100729	
572.910000	34909.497129	2078701409.000000	0.081787	
572.915000	34909.192463	2078705022.000000	0.088701	
572.920000	34908.887803	2078708781.000000	0.082942	
572.925000	34908.583148	2078712874.000000	0.094107	
572.930000	34908.278498	2078716633.000000	0.063022	
572.935000	34907.973854	2078720762.000000	0.052919	
572.940000	34907.669215	2078724854.000000	0.060930	
572.945000	34907.364581	2078728814.000000	0.046067	
572.950000	34907.059953	2078732767.000000	0.040190	
572.955000	34906.755330	2078736164.000000	0.042728	
572.960000	34906.450712	2078740089.000000	0.029689	
572.965000	34906.146100	2078744253.000000	0.028787	
572.970000	34905.841493	2078748285.000000	0.027801	
572.975000	34905.536891	2078752046.000000	0.029975	
572.980000	34905.232294	2078756131.000000	0.027086	
572.985000	34904.927703	2078760375.000000	0.029258	
572.990000	34904.623117	2078764295.000000	0.024475	
572.995000	34904.318537	2078768591.000000	0.025541	
573.000000	34904.013962	2078772313.000000	0.024828	
573.005000	34903.709392	2078776305.000000	0.026071	
573.010000	34903.404827	2078780380.000000	0.022883	
573.015000	34903.100268	2078784197.000000	0.024287	
573.020000	34902.795714	2078788189.000000	0.022447	
573.025000	34902.491165	2078792078.000000	0.022657	
573.030000	34902.186622	2078795984.000000	0.025882	
573.035000	34901.882084	2078800187.000000	0.024804	
573.040000	34901.577551	2078804133.000000	0.026512	
573.045000	34901.273024	2078807746.000000	0.028614	
573.050000	34900.968502	2078811325.000000	0.023669	
573.055000	34900.663985	2078815443.000000	0.023228	
573.060000	34900.359474	2078819254.000000	0.023730	
573.065000	34900.054968	2078823501.000000	0.025129	
573.070000	34899.750467	2078827255.000000	0.024994	
573.075000	34899.445971	2078830986.000000	0.025993	
573.080000	34899.141481	2078834280.000000	0.022877	
573.085000	34898.836996	2078838457.000000	0.027027	
573.090000	34898.532517	2078842564.000000	0.023745	
573.095000	34898.228042	2078846851.000000	0.024785	
573.100000	34897.923574	2078850383.000000	0.024247	
573.105000	34897.619110	2078854687.000000	0.025659	
573.110000	34897.314652	2078858844.000000	0.024841	
573.115000	34897.010199	2078863055.000000	0.024711	
573.120000	34896.705751	2078866999.000000	0.024827	
573.125000	34896.401309	2078870921.000000	0.023925	
573.130000	34896.096872	2078874759.000000	0.023963	
573.135000	34895.792440	2078878865.000000	0.027380	
573.140000	34895.488013	2078882746.000000	0.027608	
573.145000	34895.183592	2078886371.000000	0.027353	
573.150000	34894.879176	2078890252.000000	0.024103	
573.155000	34894.574766	2078894004.000000	0.022869	
573.160000	34894.270361	2078898004.000000	0.025336	
573.165000	34893.965961	2078901841.000000	0.025527	
573.170000	34893.661566	2078905693.000000	0.027242	
573.175000	34893.357177	2078909707.000000	0.023649	
573.180000	34893.052793	2078913246.000000	0.026269	
573.185000	34892.748415	2078916829.000000	0.028213	
573.190000	34892.444041	2078921001.000000	0.027247	
573.195000	34892.139673	2078925321.000000	0.033103	
573.200000	34891.835311	2078929099.000000	0.033308	
573.205000	34891.530953	2078933139.000000	0.041909	
573.210000	34891.226601	2078937046.000000	0.053428	
573.215000	34890.922254	2078940977.000000	0.068949	
573.220000	34890.617913	2078945129.000000	0.065665	
573.225000	34890.313577	2078949194.000000	0.063502	
573.230000	34890.009246	2078953284.000000	0.065792	
573.235000	34889.704920	2078957048.000000	0.052429	
573.240000	34889.400600	2078961086.000000	0.065919	
573.245000	34889.096285	2078965011.000000	0.076404	
573.250000	34888.791976	2078969088.000000	0.062128	
573.255000	34888.487671	2078973381.000000	0.050042	
573.260000	34888.183372	2078977236.000000	0.046407	
573.265000	34887.879079	2078981185.000000	0.044903	
573.270000	34887.574790	2078985053.000000	0.037609	
573.275000	34887.270507	2078988638.000000	0.042697	
573.280000	34886.966229	2078992633.000000	0.037744	
573.285000	34886.661957	2078996917.000000	0.039045	
573.290000	34886.357690	2079001171.000000	0.034103	
573.295000	34886.053428	2079005110.000000	0.031659	
573.300000	34885.749171	2079009008.000000	0.030874	
573.305000	34885.444920	2079012990.000000	0.030514	
573.310000	34885.140674	2079017218.000000	0.026964	
573.315000	34884.836434	2079020966.000000	0.026199	
573.320000	34884.532198	2079025031.000000	0.028304	
573.325000	34884.227968	2079029225.000000	0.026838	
573.330000	34883.923744	2079033308.000000	0.029229	
573.335000	34883.619524	2079037006.000000	0.024684	
573.340000	34883.315310	2079040728.000000	0.027924	
573.345000	34883.011102	2079044885.000000	0.028864	
573.350000	34882.706898	2079048314.000000	0.035890	
573.355000	34882.402700	2079052631.000000	0.026868	
573.360000	34882.098507	2079056359.000000	0.027118	
573.365000	34881.794319	2079060516.000000	0.027503	
573.370000	34881.490137	2079064265.000000	0.028967	
573.375000	34881.185960	2079068514.000000	0.027273	
573.380000	34880.881789	2079072231.000000	0.027994	
573.385000	34880.577622	2079075729.000000	0.026051	
573.390000	34880.273461	2079079850.000000	0.032530	
573.395000	34879.969306	2079083877.000000	0.031187	
573.400000	34879.665155	2079087440.000000	0.032560	
573.405000	34879.361010	2079091578.000000	0.039693	
573.410000	34879.056870	2079095393.000000	0.038619	
573.415000	34878.752736	2079099285.000000	0.046275	
573.420000	34878.448607	2079103492.000000	0.042332	
573.425000	34878.144483	2079107423.000000	0.044141	
573.430000	34877.840364	2079111293.000000	0.046692	
573.435000	34877.536251	2079114876.000000	0.042524	
573.440000	34877.232143	2079118922.000000	0.040641	
573.445000	34876.928040	2079122786.000000	0.036729	
573.450000	34876.623943	2079126878.000000	0.041204	
573.455000	34876.319851	2079131172.000000	0.035146	
573.460000	34876.015764	2079134788.000000	0.039776	
573.465000	34875.711682	2079138784.000000	0.035013	
573.470000	34875.407606	2079142723.000000	0.043699	
573.475000	34875.103535	2079146998.000000	0.051337	
573.480000	34874.799470	2079150891.000000	0.053750	
573.485000	34874.495410	2079154694.000000	0.063777	
573.490000	34874.191355	2079158876.000000	0.065002	
573.495000	34873.887305	2079163051.000000	0.068490	
573.500000	34873.583261	2079166865.000000	0.067284	
573.505000	34873.279222	2079170795.000000	0.071722	
573.510000	34872.975188	2079174778.000000	0.066943	
573.515000	34872.671159	2079178750.000000	0.059436	
573.520000	34872.367136	2079182925.000000	0.062243	
573.525000	34872.063118	2079186831.000000	0.052997	
573.530000	34871.759106	2079190543.000000	0.048814	
573.535000	34871.455099	2079194431.000000	0.039906	
573.540000	34871.151097	2079197900.000000	0.036841	
573.545000	34870.847100	2079201573.000000	0.039008	
573.550000	34870.543109	2079205143.000000	0.029962	
573.555000	34870.239123	2079208947.000000	0.030724	
573.560000	34869.935142	2079212816.000000	0.032131	
573.565000	34869.631166	2079216959.000000	0.032878	
573.570000	34869.327196	2079220807.000000	0.027979	
573.575000	34869.023231	2079224680.000000	0.027083	
573.580000	34868.719272	2079228686.000000	0.030583	
573.585000	34868.415318	2079232791.000000	0.030618	
573.590000	34868.111369	2079236628.000000	0.029447	
573.595000	34867.807425	2079240593.000000	0.025142	
573.600000	34867.503487	2079244392.000000	0.026368	
573.605000	34867.199554	2079248600.000000	0.026248	
573.610000	34866.895626	2079252539.000000	0.027204	
573.615000	34866.591703	2079256415.000000	0.027305	
573.620000	34866.287786	2079260486.000000	0.025950	
573.625000	34865.983874	2079264587.000000	0.025879	
573.630000	34865.679968	2079268661.000000	0.025602	
573.635000	34865.376067	2079272519.000000	0.030651	
573.640000	34865.072171	2079276612.000000	0.029073	
573.645000	34864.768280	2079280954.000000	0.029540	
573.650000	34864.464395	2079284828.000000	0.025639	
573.655000	34864.160515	2079288606.000000	0.031789	
573.660000	34863.856640	2079292292.000000	0.028473	
573.665000	34863.552770	2079296146.000000	0.038335	
573.670000	34863.248906	2079299992.000000	0.047205	
573.675000	34862.945047	2079303620.000000	0.039339	
573.680000	34862.641194	2079307579.000000	0.042317	
573.685000	34862.337345	2079311243.000000	0.043378	
573.690000	34862.033502	2079315446.000000	0.038495	
573.695000	34861.729665	2079319527.000000	0.039390	
573.700000	34861.425832	2079323387.000000	0.041828	
573.705000	34861.122005	2079327268.000000	0.046418	
573.710000	34860.818183	2079330775.000000	0.038937	
573.715000	34860.514367	2079334503.000000	0.038840	
573.720000	34860.210556	2079338555.000000	0.027981	
573.725000	34859.906750	2079342620.000000	0.037412	
573.730000	34859.602949	2079346892.000000	0.028004	
573.735000	34859.299154	2079350787.000000	0.028125	
573.740000	34858.995364	2079354577.000000	0.028678	
573.745000	34858.691579	2079358044.000000	0.028670	
573.750000	34858.387800	2079361706.000000	0.026913	
573.755000	34858.084025	2079365986.000000	0.024579	
573.760000	34857.780257	2079370067.000000	0.029555	
573.765000	34857.476493	2079373968.000000	0.028709	
573.770000	34857.172735	2079377666.000000	0.029523	
573.775000	34856.868982	2079381442.000000	0.025883	
573.780000	34856.565234	2079385160.000000	0.026924	
573.785000	34856.261492	2079389222.000000	0.029069	
573.790000	34855.957755	2079393351.000000	0.024513	
573.795000	34855.654023	2079397375.000000	0.027398	
573.800000	34855.350296	2079401399.000000	0.025614	
573.805000	34855.046575	2079405405.000000	0.029218	
573.810000	34854.742859	2079409247.000000	0.025901	
573.815000	34854.439149	2079413391.000000	0.025522	
573.820000	34854.135443	2079417189.000000	0.023463	
573.825000	34853.831743	2079420919.000000	0.026073	
573.830000	34853.528048	2079424843.000000	0.026318	
573.835000	34853.224359	2079429113.000000	0.026278	
573.840000	34852.920675	2079433156.000000	0.024464	
573.845000	34852.616996	2079437404.000000	0.025565	
573.850000	34852.313322	2079441574.000000	0.026006	
573.855000	34852.009654	2079445927.000000	0.024107	
573.860000	34851.705991	2079449589.000000	0.025443	
573.865000	34851.402333	2079453547.000000	0.026238	
573.870000	34851.098681	2079457260.000000	0.024995	
573.875000	34850.795034	2079461348.000000	0.024884	
573.880000	34850.491392	2079465369.000000	0.024810	
573.885000	34850.187755	2079469098.000000	0.024766	
573.890000	34849.884124	2079473139.000000	0.024319	
573.895000	34849.580498	2079477332.000000	0.025737	
573.900000	34849.276878	2079480873.000000	0.027229	
573.905000	34848.973262	2079484579.000000	0.025024	
573.910000	34848.669652	2079488304.000000	0.025126	
573.915000	34848.366047	2079491961.000000	0.026387	
573.920000	34848.062448	2079495924.000000	0.025344	
573.925000	34847.758854	2079500070.000000	0.024908	
573.930000	34847.455265	2079504300.000000	0.022983	
573.935000	34847.151681	2079508172.000000	0.026570	
573.940000	34846.848103	2079511969.000000	0.029442	
573.945000	34846.544530	2079515512.000000	0.024445	
573.950000	34846.240962	2079519749.000000	0.025767	
573.955000	34845.937399	2079523922.000000	0.023015	
573.960000	34845.633842	2079527734.000000	0.024368	
573.965000	34845.330290	2079531821.000000	0.022447	
573.970000	34845.026744	2079535735.000000	0.025611	
573.975000	34844.723202	2079539492.000000	0.025524	
573.980000	34844.419666	2079543428.000000	0.025254	
573.985000	34844.116135	2079547354.000000	0.023817	
573.990000	34843.812610	2079551241.000000	0.023542	
573.995000	34843.509090	2079555426.000000	0.025118	
574.000000	34843.205575	2079558972.000000	0.025706	
574.005000	34842.902065	2079562827.000000	0.024101	
574.010000	34842.598561	2079566714.000000	0.022123	
574.015000	34842.295062	2079570197.000000	0.023840	
574.020000	34841.991568	2079574113.000000	0.024975	
574.025000	34841.688080	2079577993.000000	0.024122	
574.030000	34841.384597	2079582172.000000	0.024541	
574.035000	34841.081119	2079586319.000000	0.026795	
574.040000	34840.777646	2079590095.000000	0.022769	
574.045000	34840.474179	2079594030.000000	0.026892	
574.050000	34840.170717	2079597936.000000	0.023074	
574.055000	34839.867260	2079601518.000000	0.021782	
574.060000	34839.563809	2079605192.000000	0.023617	
574.065000	34839.260363	2079608853.000000	0.027416	
574.070000	34838.956922	2079612869.000000	0.023974	
574.075000	34838.653486	2079617098.000000	0.023362	
574.080000	34838.350056	2079620744.000000	0.022518	
574.085000	34838.046631	2079624854.000000	0.025886	
574.090000	34837.743211	2079629124.000000	0.024121	
574.095000	34837.439797	2079633024.000000	0.025867	
574.100000	34837.136387	2079636763.000000	0.029133	
574.105000	34836.832984	2079640747.000000	0.022636	
574.110000	34836.529585	2079644770.000000	0.025547	
574.115000	34836.226192	2079648869.000000	0.024394	
574.120000	34835.922804	2079652539.000000	0.025303	
574.125000	34835.619421	2079656521.000000	0.024706	
574.130000	34835.316043	2079660559.000000	0.023131	
574.135000	34835.012671	2079664904.000000	0.025339	
574.140000	34834.709304	2079669075.000000	0.023507	
574.145000	34834.405943	2079672773.000000	0.026112	
574.150000	34834.102586	2079676542.000000	0.022911	
574.155000	34833.799235	2079680571.000000	0.023086	
574.160000	34833.495890	2079684681.000000	0.023482	
574.165000	34833.192549	2079688578.000000	0.023078	
574.170000	34832.889214	2079692790.000000	0.022904	
574.175000	34832.585884	2079697016.000000	0.023353	
574.180000	34832.282559	2079700702.000000	0.025455	
574.185000	34831.979240	2079705010.000000	0.024121	
574.190000	34831.675926	2079709311.000000	0.021496	
574.195000	34831.372617	2079713297.000000	0.022976	
574.200000	34831.069314	2079717334.000000	0.020706	
574.205000	34830.766016	2079721311.000000	0.024894	
574.210000	34830.462723	2079725490.000000	0.024899	
574.215000	34830.159435	2079729258.000000	0.023506	
574.220000	34829.856153	2079733060.000000	0.023965	
574.225000	34829.552876	2079737032.000000	0.021467	
574.230000	34829.249604	2079740833.000000	0.022186	
574.235000	34828.946337	2079744623.000000	0.024535	
574.240000	34828.643076	2079748624.000000	0.025062	
574.245000	34828.339820	2079752278.000000	0.022182	
574.250000	34828.036569	2079755999.000000	0.021486	
574.255000	34827.733324	2079759847.000000	0.024690	
574.260000	34827.430084	2079763609.000000	0.030146	
574.265000	34827.126849	2079767448.000000	0.027455	
574.270000	34826.823620	2079771591.000000	0.026942	
574.275000	34826.520395	2079775457.000000	0.034212	
574.280000	34826.217176	2079779445.000000	0.035171	
574.285000	34825.913963	2079782990.000000	0.032968	
574.290000	34825.610754	2079787040.000000	0.031169	
574.295000	34825.307551	2079790885.000000	0.035122	
574.300000	34825.004353	2079794592.000000	0.031313	
574.305000	34824.701161	2079798711.000000	0.030475	
574.310000	34824.397973	2079802763.000000	0.031678	
574.315000	34824.094791	2079806768.000000	0.030682	
574.320000	34823.791614	2079810532.000000	0.027821	
574.325000	34823.488443	2079814352.000000	0.027960	
574.330000	34823.185277	2079818571.000000	0.026372	
574.335000	34822.882116	2079822586.000000	0.025619	
574.340000	34822.578960	2079826576.000000	0.024843	
574.345000	34822.275810	2079830558.000000	0.025190	
574.350000	34821.972665	2079834193.000000	0.026143	
574.355000	34821.669525	2079838031.000000	0.022658	
574.360000	34821.366390	2079841905.000000	0.024103	
574.365000	34821.063261	2079845503.000000	0.024229	
574.370000	34820.760137	2079849244.000000	0.023359	
574.375000	34820.457018	2079852979.000000	0.024943	
574.380000	34820.153905	2079857067.000000	0.022230	
574.385000	34819.850797	2079861098.000000	0.023539	
574.390000	34819.547694	2079865211.000000	0.022363	
574.395000	34819.244596	2079869138.000000	0.025830	
574.400000	34818.941504	2079872993.000000	0.023128	
574.405000	34818.638417	2079876939.000000	0.024059	
574.410000	34818.335335	2079880982.000000	0.025671	
574.415000	34818.032259	2079884770.000000	0.027053	
574.420000	34817.729188	2079888534.000000	0.024620	
574.425000	34817.426122	2079892715.000000	0.021869	
574.430000	34817.123061	2079897008.000000	0.024116	
574.435000	34816.820006	2079901398.000000	0.023443	
574.440000	34816.516956	2079905632.000000	0.024932	
574.445000	34816.213911	2079909204.000000	0.023582	
574.450000	34815.910871	2079913440.000000	0.023237	
574.455000	34815.607837	2079917299.000000	0.025711	
574.460000	34815.304808	2079921365.000000	0.022774	
574.465000	34815.001784	2079925131.000000	0.020437	
574.470000	34814.698766	2079929274.000000	0.023274	
574.475000	34814.395753	2079932992.000000	0.022790	
574.480000	34814.092745	2079936794.000000	0.025075	
574.485000	34813.789742	2079940647.000000	0.024124	
574.490000	34813.486745	2079944370.000000	0.022962	
574.495000	34813.183753	2079948003.000000	0.020847	
574.500000	34812.880766	2079951727.000000	0.027388	
